function [vd,vs]=SOLARDATA
vd=[0 	0	109.2	1	1	inf	1	0	1	0;
    0.3871	0.2056	0.3825	0.24	1	58.646	1	6.0388	1	0.1222;
    0.7233	0.0067	0.9488	0.62	1	243.018	-1	0.9948	1	0.0592;
    1.0	0.0167	1	1	1	1	1	1.5533	1	0;
    1.5236	0.0935	0.5326	1.88	1	1.02	1	2.5482	1	0.0323;
    5.2044	0.0489	11.209	12	1	0.41	1	5.1138	1	0.0228;
    9.5826	0.0565	9.4492	30	1	0.4438	1	4.5029	1	0.434;
    19.2	0.0457	4.0073	84	1	0.71	-1	2.6354	1	0.135;
    30.0476	0.0113	3.8826	165	1	0.67	1	3.4034	1	0.0309;
    39.48	0.2488	0.178	248	1	6.38	1	4.3459	1	0.2995;
    0.00257	0	0.00027	0.08	1	1	1	1.5533	4	0.0898];
vs=["Sun"	"Sun.jpg";
    "Mercury"	"Mercury.jpg";
    "Venus"	"Venus.jpg";
    "Earth"	"Earth.jpg";
    "Mars"	"Mars.jpg";
    "Jupiter"	"Jupiter.jpg";
    "Saturn"	"Saturn.jpg";
    "Neptune"	"Neptune.jpg";
    "Uranus"	"Uranus.jpg";
    "Pluto"		"pluto.jpg"
    "Moon"	"Moon.jpg"];